time,temperature,status,explanation
2026-05-09 13:53:21.313434,29.08059212159187,ANOMALY,"
[AI-style Explanation]
현재 온도: 29.08°C

가능한 원인:
- 장비 부하 증가
- 주변 온도 상승
- 냉각 장치 이상 가능성

대응 방안:
- 장비 상태 확인
- 냉각 시스템 점검
- 온도 변화 추이를 추가 모니터링
"
2026-05-09 13:53:21.339500,23.012000026467177,NORMAL,
2026-05-09 13:53:21.351425,25.49582161669642,NORMAL,
2026-05-09 13:53:21.362245,25.088852940736928,NORMAL,
2026-05-09 13:53:21.372937,23.644060274416404,NORMAL,
2026-05-09 13:53:21.383606,24.9380740795192,NORMAL,
2026-05-09 13:53:21.394188,23.077260373839835,NORMAL,
2026-05-09 13:53:21.404736,22.193966709661364,NORMAL,
2026-05-09 13:53:21.415034,23.17935494973917,NORMAL,
2026-05-09 13:53:21.425679,30.866924016401544,ANOMALY,"
[AI-style Explanation]
현재 온도: 30.87°C

가능한 원인:
- 장비 부하 증가
- 주변 온도 상승
- 냉각 장치 이상 가능성

대응 방안:
- 장비 상태 확인
- 냉각 시스템 점검
- 온도 변화 추이를 추가 모니터링
"
2026-05-09 13:53:21.437290,22.682641020112477,NORMAL,
2026-05-09 13:53:21.447655,24.528069446177852,NORMAL,
2026-05-09 13:53:21.458690,28.037027318558987,ANOMALY,"
[AI-style Explanation]
현재 온도: 28.04°C

가능한 원인:
- 장비 부하 증가
- 주변 온도 상승
- 냉각 장치 이상 가능성

대응 방안:
- 장비 상태 확인
- 냉각 시스템 점검
- 온도 변화 추이를 추가 모니터링
"
2026-05-09 13:53:21.470201,24.109980542242333,NORMAL,
2026-05-09 13:53:21.480695,31.342428332711712,ANOMALY,"
[AI-style Explanation]
현재 온도: 31.34°C

가능한 원인:
- 장비 부하 증가
- 주변 온도 상승
- 냉각 장치 이상 가능성

대응 방안:
- 장비 상태 확인
- 냉각 시스템 점검
- 온도 변화 추이를 추가 모니터링
"
2026-05-09 13:53:21.493000,24.414887411540356,NORMAL,
2026-05-09 13:53:21.503808,29.053940979330164,ANOMALY,"
[AI-style Explanation]
현재 온도: 29.05°C

가능한 원인:
- 장비 부하 증가
- 주변 온도 상승
- 냉각 장치 이상 가능성

대응 방안:
- 장비 상태 확인
- 냉각 시스템 점검
- 온도 변화 추이를 추가 모니터링
"
2026-05-09 13:53:21.515800,24.644228966161656,NORMAL,
2026-05-09 13:53:21.526574,25.875904011266655,NORMAL,
2026-05-09 13:53:21.537268,23.34252199935103,NORMAL,
2026-05-09 13:53:21.547647,31.930174760054893,ANOMALY,"
[AI-style Explanation]
현재 온도: 31.93°C

가능한 원인:
- 장비 부하 증가
- 주변 온도 상승
- 냉각 장치 이상 가능성

대응 방안:
- 장비 상태 확인
- 냉각 시스템 점검
- 온도 변화 추이를 추가 모니터링
"
2026-05-09 13:53:21.559405,28.481803299324255,ANOMALY,"
[AI-style Explanation]
현재 온도: 28.48°C

가능한 원인:
- 장비 부하 증가
- 주변 온도 상승
- 냉각 장치 이상 가능성

대응 방안:
- 장비 상태 확인
- 냉각 시스템 점검
- 온도 변화 추이를 추가 모니터링
"
2026-05-09 13:53:21.570676,22.06010402649934,NORMAL,
2026-05-09 13:53:21.581106,28.938581247296636,ANOMALY,"
[AI-style Explanation]
현재 온도: 28.94°C

가능한 원인:
- 장비 부하 증가
- 주변 온도 상승
- 냉각 장치 이상 가능성

대응 방안:
- 장비 상태 확인
- 냉각 시스템 점검
- 온도 변화 추이를 추가 모니터링
"
2026-05-09 13:53:21.592761,23.67069870459096,NORMAL,
2026-05-09 13:53:21.603605,23.92722265530754,NORMAL,
2026-05-09 13:53:21.614585,22.937523101792408,NORMAL,
2026-05-09 13:53:21.625252,22.73476560896148,NORMAL,
2026-05-09 13:53:21.635781,23.348662394538756,NORMAL,
2026-05-09 13:53:21.646762,29.410142067015766,ANOMALY,"
[AI-style Explanation]
현재 온도: 29.41°C

가능한 원인:
- 장비 부하 증가
- 주변 온도 상승
- 냉각 장치 이상 가능성

대응 방안:
- 장비 상태 확인
- 냉각 시스템 점검
- 온도 변화 추이를 추가 모니터링
"
2026-05-09 13:53:21.659184,31.512238342915854,ANOMALY,"
[AI-style Explanation]
현재 온도: 31.51°C

가능한 원인:
- 장비 부하 증가
- 주변 온도 상승
- 냉각 장치 이상 가능성

대응 방안:
- 장비 상태 확인
- 냉각 시스템 점검
- 온도 변화 추이를 추가 모니터링
"
2026-05-09 13:53:21.671930,23.30739074980267,NORMAL,
2026-05-09 13:53:21.682494,24.03019846471629,NORMAL,
2026-05-09 13:53:21.693320,22.71333713634597,NORMAL,
2026-05-09 13:53:21.703837,23.503092145850033,NORMAL,
2026-05-09 13:53:21.714510,23.60960983783549,NORMAL,
2026-05-09 13:53:21.725509,28.473713148758698,ANOMALY,"
[AI-style Explanation]
현재 온도: 28.47°C

가능한 원인:
- 장비 부하 증가
- 주변 온도 상승
- 냉각 장치 이상 가능성

대응 방안:
- 장비 상태 확인
- 냉각 시스템 점검
- 온도 변화 추이를 추가 모니터링
"
2026-05-09 13:53:21.738964,25.79270077596151,NORMAL,
2026-05-09 13:53:21.749711,22.804784558310367,NORMAL,
2026-05-09 13:53:21.760194,28.19484004082688,ANOMALY,"
[AI-style Explanation]
현재 온도: 28.19°C

가능한 원인:
- 장비 부하 증가
- 주변 온도 상승
- 냉각 장치 이상 가능성

대응 방안:
- 장비 상태 확인
- 냉각 시스템 점검
- 온도 변화 추이를 추가 모니터링
"
2026-05-09 13:53:21.771565,23.123370206169373,NORMAL,
2026-05-09 13:53:21.782066,24.74307518387587,NORMAL,
2026-05-09 13:53:21.792697,23.79520739444188,NORMAL,
2026-05-09 13:53:21.803145,25.157021693497832,NORMAL,
2026-05-09 13:53:21.813896,29.268099001506158,ANOMALY,"
[AI-style Explanation]
현재 온도: 29.27°C

가능한 원인:
- 장비 부하 증가
- 주변 온도 상승
- 냉각 장치 이상 가능성

대응 방안:
- 장비 상태 확인
- 냉각 시스템 점검
- 온도 변화 추이를 추가 모니터링
"
2026-05-09 13:53:21.825027,23.961143545279093,NORMAL,
2026-05-09 13:53:21.835437,28.20513198726772,ANOMALY,"
[AI-style Explanation]
현재 온도: 28.21°C

가능한 원인:
- 장비 부하 증가
- 주변 온도 상승
- 냉각 장치 이상 가능성

대응 방안:
- 장비 상태 확인
- 냉각 시스템 점검
- 온도 변화 추이를 추가 모니터링
"
2026-05-09 13:53:21.846725,22.57120110547508,NORMAL,
2026-05-09 13:53:21.857094,25.52276363063064,NORMAL,
2026-05-09 13:53:21.868238,24.144211548351393,NORMAL,
2026-05-09 13:53:21.878664,23.435599333705706,NORMAL,
2026-05-09 13:53:21.889312,22.728967713947203,NORMAL,
2026-05-09 13:53:21.900177,24.58812512251402,NORMAL,
2026-05-09 13:53:21.910953,24.180133118658382,NORMAL,
2026-05-09 13:53:21.921547,24.532821437747078,NORMAL,
2026-05-09 13:53:21.932198,22.09973033810651,NORMAL,
2026-05-09 13:53:21.943040,31.953816661166535,ANOMALY,"
[AI-style Explanation]
현재 온도: 31.95°C

가능한 원인:
- 장비 부하 증가
- 주변 온도 상승
- 냉각 장치 이상 가능성

대응 방안:
- 장비 상태 확인
- 냉각 시스템 점검
- 온도 변화 추이를 추가 모니터링
"
2026-05-09 13:53:21.954270,24.479199880855028,NORMAL,
2026-05-09 13:53:21.964945,25.149366726433787,NORMAL,
2026-05-09 13:53:21.975399,24.726296294734585,NORMAL,
2026-05-09 13:53:21.985767,25.89928319580777,NORMAL,
2026-05-09 13:53:21.996430,24.22977844186341,NORMAL,
2026-05-09 13:53:22.006697,22.644952053689682,NORMAL,
2026-05-09 13:53:22.017240,30.33581287725968,ANOMALY,"
[AI-style Explanation]
현재 온도: 30.34°C

가능한 원인:
- 장비 부하 증가
- 주변 온도 상승
- 냉각 장치 이상 가능성

대응 방안:
- 장비 상태 확인
- 냉각 시스템 점검
- 온도 변화 추이를 추가 모니터링
"
2026-05-09 13:53:22.028412,23.52409565953976,NORMAL,
2026-05-09 13:53:22.039135,28.547126104921784,ANOMALY,"
[AI-style Explanation]
현재 온도: 28.55°C

가능한 원인:
- 장비 부하 증가
- 주변 온도 상승
- 냉각 장치 이상 가능성

대응 방안:
- 장비 상태 확인
- 냉각 시스템 점검
- 온도 변화 추이를 추가 모니터링
"
2026-05-09 13:53:22.050411,23.186899230087295,NORMAL,
2026-05-09 13:53:22.061057,23.118542742868676,NORMAL,
2026-05-09 13:53:22.071575,31.92938592867822,ANOMALY,"
[AI-style Explanation]
현재 온도: 31.93°C

가능한 원인:
- 장비 부하 증가
- 주변 온도 상승
- 냉각 장치 이상 가능성

대응 방안:
- 장비 상태 확인
- 냉각 시스템 점검
- 온도 변화 추이를 추가 모니터링
"
2026-05-09 13:53:22.083928,22.692929539037404,NORMAL,
2026-05-09 13:53:22.094679,30.578720193564077,ANOMALY,"
[AI-style Explanation]
현재 온도: 30.58°C

가능한 원인:
- 장비 부하 증가
- 주변 온도 상승
- 냉각 장치 이상 가능성

대응 방안:
- 장비 상태 확인
- 냉각 시스템 점검
- 온도 변화 추이를 추가 모니터링
"
2026-05-09 13:53:22.105947,24.262471601487377,NORMAL,
2026-05-09 13:53:22.116428,25.159908304013975,NORMAL,
2026-05-09 13:53:22.126908,28.141048823673607,ANOMALY,"
[AI-style Explanation]
현재 온도: 28.14°C

가능한 원인:
- 장비 부하 증가
- 주변 온도 상승
- 냉각 장치 이상 가능성

대응 방안:
- 장비 상태 확인
- 냉각 시스템 점검
- 온도 변화 추이를 추가 모니터링
"
2026-05-09 13:53:22.137965,25.339208936105155,NORMAL,
2026-05-09 13:53:22.148600,28.23003429862029,ANOMALY,"
[AI-style Explanation]
현재 온도: 28.23°C

가능한 원인:
- 장비 부하 증가
- 주변 온도 상승
- 냉각 장치 이상 가능성

대응 방안:
- 장비 상태 확인
- 냉각 시스템 점검
- 온도 변화 추이를 추가 모니터링
"
2026-05-09 13:53:22.160364,23.909168774328883,NORMAL,
2026-05-09 13:53:22.170876,29.650659163143494,ANOMALY,"
[AI-style Explanation]
현재 온도: 29.65°C

가능한 원인:
- 장비 부하 증가
- 주변 온도 상승
- 냉각 장치 이상 가능성

대응 방안:
- 장비 상태 확인
- 냉각 시스템 점검
- 온도 변화 추이를 추가 모니터링
"
2026-05-09 13:53:22.182262,24.777769848879483,NORMAL,
2026-05-09 13:53:22.193044,31.862304687142345,ANOMALY,"
[AI-style Explanation]
현재 온도: 31.86°C

가능한 원인:
- 장비 부하 증가
- 주변 온도 상승
- 냉각 장치 이상 가능성

대응 방안:
- 장비 상태 확인
- 냉각 시스템 점검
- 온도 변화 추이를 추가 모니터링
"
2026-05-09 13:53:22.204833,23.105658613955313,NORMAL,
2026-05-09 13:53:22.215529,24.973124879808253,NORMAL,
2026-05-09 13:53:22.226016,24.89365115543518,NORMAL,
2026-05-09 13:53:22.236679,23.311287254133823,NORMAL,
2026-05-09 13:53:22.247268,29.927160020777013,ANOMALY,"
[AI-style Explanation]
현재 온도: 29.93°C

가능한 원인:
- 장비 부하 증가
- 주변 온도 상승
- 냉각 장치 이상 가능성

대응 방안:
- 장비 상태 확인
- 냉각 시스템 점검
- 온도 변화 추이를 추가 모니터링
"
2026-05-09 13:53:22.258849,25.18869334799333,NORMAL,
2026-05-09 13:53:22.269978,28.074616146308493,ANOMALY,"
[AI-style Explanation]
현재 온도: 28.07°C

가능한 원인:
- 장비 부하 증가
- 주변 온도 상승
- 냉각 장치 이상 가능성

대응 방안:
- 장비 상태 확인
- 냉각 시스템 점검
- 온도 변화 추이를 추가 모니터링
"
2026-05-09 13:53:22.282303,25.285854712993004,NORMAL,
2026-05-09 13:53:22.292866,31.968653720628822,ANOMALY,"
[AI-style Explanation]
현재 온도: 31.97°C

가능한 원인:
- 장비 부하 증가
- 주변 온도 상승
- 냉각 장치 이상 가능성

대응 방안:
- 장비 상태 확인
- 냉각 시스템 점검
- 온도 변화 추이를 추가 모니터링
"
2026-05-09 13:53:22.304619,25.736726745566,NORMAL,
2026-05-09 13:53:22.315164,31.31460289004025,ANOMALY,"
[AI-style Explanation]
현재 온도: 31.31°C

가능한 원인:
- 장비 부하 증가
- 주변 온도 상승
- 냉각 장치 이상 가능성

대응 방안:
- 장비 상태 확인
- 냉각 시스템 점검
- 온도 변화 추이를 추가 모니터링
"
2026-05-09 13:53:22.327158,24.138374155858497,NORMAL,
2026-05-09 13:53:22.337735,24.93959756700794,NORMAL,
2026-05-09 13:53:22.348325,22.09093382750971,NORMAL,
2026-05-09 13:53:22.359223,29.194814987839713,ANOMALY,"
[AI-style Explanation]
현재 온도: 29.19°C

가능한 원인:
- 장비 부하 증가
- 주변 온도 상승
- 냉각 장치 이상 가능성

대응 방안:
- 장비 상태 확인
- 냉각 시스템 점검
- 온도 변화 추이를 추가 모니터링
"
2026-05-09 13:53:22.372063,31.183655922338772,ANOMALY,"
[AI-style Explanation]
현재 온도: 31.18°C

가능한 원인:
- 장비 부하 증가
- 주변 온도 상승
- 냉각 장치 이상 가능성

대응 방안:
- 장비 상태 확인
- 냉각 시스템 점검
- 온도 변화 추이를 추가 모니터링
"
2026-05-09 13:53:22.383925,22.034917597127496,NORMAL,
2026-05-09 13:53:22.394700,25.159187200132223,NORMAL,
2026-05-09 13:53:22.405414,30.15194401331696,ANOMALY,"
[AI-style Explanation]
현재 온도: 30.15°C

가능한 원인:
- 장비 부하 증가
- 주변 온도 상승
- 냉각 장치 이상 가능성

대응 방안:
- 장비 상태 확인
- 냉각 시스템 점검
- 온도 변화 추이를 추가 모니터링
"
2026-05-09 13:53:22.419720,23.94379611155003,NORMAL,
